0001 100 (480,640,3)
0002 100 (480,640,3)
0004 100 (480,640,3)
0005 100 (480,640,3)
0007 100 (480,640,3)
0008 100 (480,640,3)
0009 100 (480,640,3)
0010 100 (480,640,3)
0012 100 (480,640,3)
0013 100 (480,640,3)
0021 100 (480,640,3)
0023 100 (480,640,3)
0024 100 (480,640,3)
0026 100 (480,640,3)
0030 100 (480,640,3)
0031 100 (480,640,3)
0035 100 (480,640,3)
0038 100 (480,640,3)
0040 100 (480,640,3)
0041 100 (480,640,3)
0045 100 (480,640,3)
0047 100 (480,640,3)
0048 100 (480,640,3)
0049 100 (480,640,3)
0050 100 (480,640,3)
0052 100 (480,640,3)
0053 100 (480,640,3)
0055 100 (480,640,3)
0056 100 (480,640,3)
0060 100 (480,640,3)
0061 100 (480,640,3)
0062 100 (480,640,3)
0069 100 (480,640,3)
0070 100 (480,640,3)
0071 100 (480,640,3)
0073 100 (480,640,3)
0074 100 (480,640,3)
0075 100 (480,640,3)
0078 100 (480,640,3)
0080 100 (480,640,3)
0082 100 (480,640,3)
0083 100 (480,640,3)
0086 100 (480,640,3)
0089 100 (480,640,3)
0090 100 (480,640,3)
0091 100 (480,640,3)
0094 100 (480,640,3)
0095 100 (480,640,3)
0098 100 (480,640,3)
0099 100 (480,640,3)
0101 100 (480,640,3)
0102 100 (480,640,3)
0105 100 (480,640,3)
0106 100 (480,640,3)
0109 100 (480,640,3)
0112 100 (480,640,3)
0114 100 (480,640,3)
0116 100 (480,640,3)
0117 100 (480,640,3)
0118 100 (480,640,3)
1000 100 (480,640,3)
1003 100 (480,640,3)
1004 100 (480,640,3)
1005 100 (480,640,3)
1007 100 (480,640,3)
1008 100 (480,640,3)
1009 100 (480,640,3)
1013 100 (480,640,3)
1014 100 (480,640,3)
1016 100 (480,640,3)
1017 100 (480,640,3)
1019 100 (480,640,3)
1023 100 (480,640,3)
1024 100 (480,640,3)
1025 100 (480,640,3)
1026 100 (480,640,3)
1027 100 (480,640,3)
1032 100 (480,640,3)
1033 100 (480,640,3)
1037 100 (480,640,3)
1039 100 (480,640,3)
1040 100 (480,640,3)
1045 100 (480,640,3)
1049 100 (480,640,3)
1054 100 (480,640,3)
1055 100 (480,640,3)
1056 100 (480,640,3)
1057 100 (480,640,3)
1058 100 (480,640,3)
1059 100 (480,640,3)
1065 100 (480,640,3)
1067 100 (480,640,3)
1070 100 (480,640,3)
1071 100 (480,640,3)
1074 100 (480,640,3)
1076 100 (480,640,3)
1079 100 (480,640,3)
1081 100 (480,640,3)
1082 100 (480,640,3)
1084 100 (480,640,3)
1085 100 (480,640,3)
1086 100 (480,640,3)
1087 100 (480,640,3)
1091 100 (480,640,3)
1092 100 (480,640,3)
1093 100 (480,640,3)
1095 100 (480,640,3)
1101 100 (480,640,3)
1106 100 (480,640,3)
1108 100 (480,640,3)
1110 100 (480,640,3)
1111 100 (480,640,3)
1113 100 (480,640,3)
1115 100 (480,640,3)
1116 100 (480,640,3)
1117 100 (480,640,3)
1118 100 (480,640,3)
1122 100 (480,640,3)
1123 100 (480,640,3)
1124 100 (480,640,3)
2001 100 (480,640,3)
2009 100 (480,640,3)
2017 100 (480,640,3)
2018 100 (480,640,3)
2019 100 (480,640,3)
2020 100 (480,640,3)
2021 100 (480,640,3)
2023 100 (480,640,3)
2024 100 (480,640,3)
2030 100 (480,640,3)
2031 100 (480,640,3)
2033 100 (480,640,3)
2034 100 (480,640,3)
2035 100 (480,640,3)
2036 100 (480,640,3)
2045 100 (480,640,3)
2048 100 (480,640,3)
2051 100 (480,640,3)
2053 100 (480,640,3)
2054 100 (480,640,3)
2059 100 (480,640,3)
2060 100 (480,640,3)
2062 100 (480,640,3)
2063 100 (480,640,3)
2066 100 (480,640,3)
2067 100 (480,640,3)
2068 100 (480,640,3)
2069 100 (480,640,3)
2070 100 (480,640,3)
2071 100 (480,640,3)
2073 100 (480,640,3)
2076 100 (480,640,3)
2078 100 (480,640,3)
2079 100 (480,640,3)
2081 100 (480,640,3)
2083 100 (480,640,3)
2085 100 (480,640,3)
2086 100 (480,640,3)
2092 100 (480,640,3)
2093 100 (480,640,3)
2095 100 (480,640,3)
2096 100 (480,640,3)
2097 100 (480,640,3)
2099 100 (480,640,3)
2100 100 (480,640,3)
2101 100 (480,640,3)
2102 100 (480,640,3)
2103 100 (480,640,3)
2105 100 (480,640,3)
2107 100 (480,640,3)
2109 100 (480,640,3)
2110 100 (480,640,3)
2115 100 (480,640,3)
2118 100 (480,640,3)
2120 100 (480,640,3)
2125 100 (480,640,3)
2126 100 (480,640,3)
2132 100 (480,640,3)
2134 100 (480,640,3)
2135 100 (480,640,3)