0000 100 (480,640,3)
0003 100 (480,640,3)
0016 100 (480,640,3)
0017 100 (480,640,3)
0018 100 (480,640,3)
0019 100 (480,640,3)
0025 100 (480,640,3)
0032 100 (480,640,3)
0037 100 (480,640,3)
0044 100 (480,640,3)
1002 100 (480,640,3)
1011 100 (480,640,3)
1031 100 (480,640,3)
1034 100 (480,640,3)
1035 100 (480,640,3)
1036 100 (480,640,3)
1038 100 (480,640,3)
1050 100 (480,640,3)
1066 100 (480,640,3)
1068 100 (480,640,3)
2007 100 (480,640,3)
2008 100 (480,640,3)
2011 100 (480,640,3)
2012 100 (480,640,3)
2015 100 (480,640,3)
2026 100 (480,640,3)
2027 100 (480,640,3)
2028 100 (480,640,3)
2037 100 (480,640,3)
2039 100 (480,640,3)